Points: 1000 Threads: 2
Area of Mandlebrot set =   1.51020562 +/-   0.00151021
Time =   3.09519686 seconds
