Points: 4000 Threads: 16
Area of Mandlebrot set =   1.50881590 +/-   0.00037720
Time =  10.35872119 seconds
