Points: 2500 Threads: 2
Area of Mandlebrot set =   1.50905790 +/-   0.00060362
Time =  19.30738229 seconds
