Points: 2000 Threads: 4
Area of Mandlebrot set =   1.50928453 +/-   0.00075464
Time =   6.26283824 seconds
