Points: 3500 Threads: 2
Area of Mandlebrot set =   1.50894735 +/-   0.00043113
Time =  38.02401184 seconds
