Points: 4000 Threads: 4
Area of Mandlebrot set =   1.50881590 +/-   0.00037720
Time =  25.03226670 seconds
