Points: 1000 Threads: 16
Area of Mandlebrot set =   1.51020562 +/-   0.00151021
Time =   0.66573203 seconds
