Points: 2000 Threads: 16
Area of Mandlebrot set =   1.50928453 +/-   0.00075464
Time =   2.61249783 seconds
