Points: 1000 Threads: 4
Area of Mandlebrot set =   1.51020562 +/-   0.00151021
Time =   1.57543432 seconds
