Points: 1500 Threads: 4
Area of Mandlebrot set =   1.50959500 +/-   0.00100640
Time =   3.53154686 seconds
