Points: 1500 Threads: 16
Area of Mandlebrot set =   1.50959500 +/-   0.00100640
Time =   1.48484227 seconds
