Points: 500 Threads: 8
Area of Mandlebrot set =   1.51121250 +/-   0.00302243
Time =   0.28546820 seconds
