Points: 5000 Threads: 8
Area of Mandlebrot set =   1.50875573 +/-   0.00030175
Time =  20.66069665 seconds
