Points: 3500 Threads: 16
Area of Mandlebrot set =   1.50894735 +/-   0.00043113
Time =   8.05745196 seconds
