Points: 4500 Threads: 16
Area of Mandlebrot set =   1.50882444 +/-   0.00033529
Time =  13.09093056 seconds
