Points: 4000 Threads: 8
Area of Mandlebrot set =   1.50881590 +/-   0.00037720
Time =  13.22936893 seconds
