Points: 3500 Threads: 4
Area of Mandlebrot set =   1.50894735 +/-   0.00043113
Time =  19.13595327 seconds
