Points: 2500 Threads: 8
Area of Mandlebrot set =   1.50905790 +/-   0.00060362
Time =   5.16658970 seconds
