Points: 4000 Threads: 4
Area of Mandlebrot set =   1.50881590 +/-   0.00037720
Time =  25.15818766 seconds
