Points: 5000 Threads: 4
Area of Mandlebrot set =   1.50875573 +/-   0.00030175
Time =  38.89554351 seconds
