Points: 4000 Threads: 2
Area of Mandlebrot set =   1.50881590 +/-   0.00037720
Time =  49.46331623 seconds
