Points: 4500 Threads: 8
Area of Mandlebrot set =   1.50882444 +/-   0.00033529
Time =  16.73018753 seconds
