Points: 500 Threads: 2
Area of Mandlebrot set =   1.51121250 +/-   0.00302243
Time =   0.77778626 seconds
