Points: 500 Threads: 16
Area of Mandlebrot set =   1.51121250 +/-   0.00302243
Time =   0.18614443 seconds
