Points: 500
Area of Mandlebrot set =   1.51121250 +/-   0.00302243
Time =   1.52278388 seconds
