Points: 3000
Area of Mandlebrot set =   1.50903813 +/-   0.00050301
Time =  54.56576432 seconds
