Points: 2500
Area of Mandlebrot set =   1.50905790 +/-   0.00060362
Time =  37.89312889 seconds
