Points: 1500 Threads: 16
Area of Mandlebrot set =   1.50959500 +/-   0.00100640
Time =   2.24209442 seconds
