Points: 5000 Threads: 4
Area of Mandlebrot set =   1.50875573 +/-   0.00030175
Time =  69.92795784 seconds
