Points: 2500 Threads: 8
Area of Mandlebrot set =   1.50905790 +/-   0.00060362
Time =  10.92241577 seconds
