Points: 3000 Threads: 8
Area of Mandlebrot set =   1.50903813 +/-   0.00050301
Time =  15.80072812 seconds
