Points: 4500 Threads: 4
Area of Mandlebrot set =   1.50882444 +/-   0.00033529
Time =  56.70016284 seconds
