Points: 3500 Threads: 16
Area of Mandlebrot set =   1.50894735 +/-   0.00043113
Time =  13.06252004 seconds
