Points: 5000 Threads: 2
Area of Mandlebrot set =   1.50875573 +/-   0.00030175
Time = 131.00523693 seconds
