Points: 3500 Threads: 2
Area of Mandlebrot set =   1.50894735 +/-   0.00043113
Time =  64.20250079 seconds
