Points: 2000 Threads: 2
Area of Mandlebrot set =   1.50928453 +/-   0.00075464
Time =  20.96327125 seconds
