Points: 3000 Threads: 4
Area of Mandlebrot set =   1.50903813 +/-   0.00050301
Time =  25.21399585 seconds
