Points: 500 Threads: 4
Area of Mandlebrot set =   1.51121250 +/-   0.00302243
Time =   0.71636987 seconds
