Points: 2500 Threads: 16
Area of Mandlebrot set =   1.50905790 +/-   0.00060362
Time =   6.17544780 seconds
