Points: 1500 Threads: 4
Area of Mandlebrot set =   1.50959500 +/-   0.00100640
Time =   6.31820774 seconds
