Points: 2000 Threads: 8
Area of Mandlebrot set =   1.50928453 +/-   0.00075464
Time =   6.99818814 seconds
