Points: 5000 Threads: 16
Area of Mandlebrot set =   1.50875573 +/-   0.00030175
Time =  27.06563124 seconds
