Points: 3000 Threads: 16
Area of Mandlebrot set =   1.50903813 +/-   0.00050301
Time =   9.58818112 seconds
