Points: 1000 Threads: 2
Area of Mandlebrot set =   1.51020562 +/-   0.00151021
Time =   5.24504296 seconds
