Points: 1500 Threads: 8
Area of Mandlebrot set =   1.50959500 +/-   0.00100640
Time =   4.07463476 seconds
