Points: 4500 Threads: 2
Area of Mandlebrot set =   1.50882444 +/-   0.00033529
Time = 106.12733812 seconds
