Points: 3500 Threads: 8
Area of Mandlebrot set =   1.50894735 +/-   0.00043113
Time =  21.41336848 seconds
