Points: 1000 Threads: 16
Area of Mandlebrot set =   1.51020562 +/-   0.00151021
Time =   1.02842587 seconds
