Points: 3000 Threads: 2
Area of Mandlebrot set =   1.50903813 +/-   0.00050301
Time =  47.18172553 seconds
