Points: 4500 Threads: 16
Area of Mandlebrot set =   1.50882444 +/-   0.00033529
Time =  21.93869176 seconds
