Points: 2500 Threads: 4
Area of Mandlebrot set =   1.50905790 +/-   0.00060362
Time =  17.70828671 seconds
