Points: 1000
Area of Mandlebrot set =   1.51020562 +/-   0.00151021
Time =   2.89672738 seconds
