Points: 5000
Area of Mandlebrot set =   1.50875573 +/-   0.00030175
Time =  33.65985082 seconds
