Points: 2500
Area of Mandlebrot set =   1.50905790 +/-   0.00060362
Time =  15.51109581 seconds
