Points: 1500
Area of Mandlebrot set =   1.50959500 +/-   0.00100640
Time =   1.48023930 seconds
