Points: 500
Area of Mandlebrot set =   1.51121250 +/-   0.00302243
Time =   0.15137384 seconds
