Points: 4500
Area of Mandlebrot set =   1.50882444 +/-   0.00033529
Time =  17.87911842 seconds
