Points: 4000
Area of Mandlebrot set =   1.50881590 +/-   0.00037720
Time =  39.58758192 seconds
