Points: 2000
Area of Mandlebrot set =   1.50928453 +/-   0.00075464
Time =   9.95116976 seconds
