Points: 4500
Area of Mandlebrot set =   1.50882444 +/-   0.00033529
Time =  27.35529488 seconds
