Points: 1500
Area of Mandlebrot set =   1.50959500 +/-   0.00100640
Time =   3.08230792 seconds
