Points: 5000
Area of Mandlebrot set =   1.50875573 +/-   0.00030175
Time =  22.12496083 seconds
