Points: 3500
Area of Mandlebrot set =   1.50894735 +/-   0.00043113
Time =  16.52345481 seconds
